================================================================================
TRAINING STATE SUMMARY
================================================================================
Step: 850
--------------------------------------------------------------------------------
Optimizer State
Optimizer: param_groups = 1
  Group 0: lr=1.413333e-05
           betas=(0.9, 0.999)
           weight_decay=0.01
Optimizer: parameter_states = 504
--------------------------------------------------------------------------------
Scheduler State
Scheduler: last_epoch = 106
--------------------------------------------------------------------------------
Loss History: 851 entries
Index        Step          Loss            LR
    0           0      3.922399  0.000000e+00
    1           1      3.617406  0.000000e+00
    2           2      4.243993  0.000000e+00
    3           3      4.863657  0.000000e+00
    4           4      4.333082  0.000000e+00
    5           5      3.321658  0.000000e+00
    6           6      4.455974  0.000000e+00
    7           7      3.844672  1.333333e-07
    8           8      4.163313  1.333333e-07
    9           9      4.227139  1.333333e-07
   10          10      4.479999  1.333333e-07
   11          11      3.505036  1.333333e-07
   12          12      3.654036  1.333333e-07
   13          13      5.016136  1.333333e-07
   14          14      3.363002  1.333333e-07
   15          15      3.317447  2.666667e-07
   16          16      3.404043  2.666667e-07
   17          17      3.121504  2.666667e-07
   18          18      3.358721  2.666667e-07
   19          19      3.211256  2.666667e-07
   20          20      5.032062  2.666667e-07
   21          21      4.689490  2.666667e-07
   22          22      4.846891  2.666667e-07
   23          23      4.361702  4.000000e-07
   24          24      3.386792  4.000000e-07
   25          25      4.101483  4.000000e-07
   26          26      3.489608  4.000000e-07
   27          27      3.373790  4.000000e-07
   28          28      3.600356  4.000000e-07
   29          29      3.448801  4.000000e-07
   30          30      3.519238  4.000000e-07
   31          31      3.476375  5.333333e-07
   32          32      3.634758  5.333333e-07
   33          33      3.549077  5.333333e-07
   34          34      3.420630  5.333333e-07
   35          35      3.228946  5.333333e-07
   36          36      4.680886  5.333333e-07
   37          37      5.151886  5.333333e-07
   38          38      3.229684  5.333333e-07
   39          39      3.460687  6.666667e-07
   40          40      3.221087  6.666667e-07
   41          41      4.972938  6.666667e-07
   42          42      3.306729  6.666667e-07
   43          43      4.476653  6.666667e-07
   44          44      3.546552  6.666667e-07
   45          45      3.603103  6.666667e-07
   46          46      3.117567  6.666667e-07
   47          47      3.636104  8.000000e-07
   48          48      3.273211  8.000000e-07
   49          49      5.006342  8.000000e-07
   50          50      3.413054  8.000000e-07
   51          51      3.640049  8.000000e-07
   52          52      3.361932  8.000000e-07
   53          53      3.663817  8.000000e-07
   54          54      3.689246  8.000000e-07
   55          55      3.252371  9.333333e-07
   56          56      4.680822  9.333333e-07
   57          57      3.617843  9.333333e-07
   58          58      3.850891  9.333333e-07
   59          59      3.633110  9.333333e-07
   60          60      3.482558  9.333333e-07
   61          61      3.218394  9.333333e-07
   62          62      3.436829  9.333333e-07
   63          63      4.641738  1.066667e-06
   64          64      3.207541  1.066667e-06
   65          65      3.766172  1.066667e-06
   66          66      3.127325  1.066667e-06
   67          67      3.252780  1.066667e-06
   68          68      3.228580  1.066667e-06
   69          69      4.365226  1.066667e-06
   70          70      3.453068  1.066667e-06
   71          71      3.806785  1.200000e-06
   72          72      3.623407  1.200000e-06
   73          73      4.700349  1.200000e-06
   74          74      3.542921  1.200000e-06
   75          75      4.181905  1.200000e-06
   76          76      3.162063  1.200000e-06
   77          77      3.301340  1.200000e-06
   78          78      3.214031  1.200000e-06
   79          79      3.141736  1.333333e-06
   80          80      3.755255  1.333333e-06
   81          81      3.342485  1.333333e-06
   82          82      4.750508  1.333333e-06
   83          83      3.733259  1.333333e-06
   84          84      3.047839  1.333333e-06
   85          85      3.297485  1.333333e-06
   86          86      3.783241  1.333333e-06
   87          87      4.343035  1.466667e-06
   88          88      3.198275  1.466667e-06
   89          89      3.130221  1.466667e-06
   90          90      4.942102  1.466667e-06
   91          91      3.243453  1.466667e-06
   92          92      3.887384  1.466667e-06
   93          93      4.042222  1.466667e-06
   94          94      3.398650  1.466667e-06
   95          95      3.254259  1.600000e-06
   96          96      4.007320  1.600000e-06
   97          97      3.496557  1.600000e-06
   98          98      4.225855  1.600000e-06
   99          99      4.602870  1.600000e-06
  100         100      3.437645  1.600000e-06
  101         101      3.716494  1.600000e-06
  102         102      3.461080  1.600000e-06
  103         103      3.267261  1.733333e-06
  104         104      5.008437  1.733333e-06
  105         105      3.880111  1.733333e-06
  106         106      3.273015  1.733333e-06
  107         107      4.476262  1.733333e-06
  108         108      3.212136  1.733333e-06
  109         109      3.198445  1.733333e-06
  110         110      3.192527  1.733333e-06
  111         111      3.400267  1.866667e-06
  112         112      3.304165  1.866667e-06
  113         113      3.222163  1.866667e-06
  114         114      3.694113  1.866667e-06
  115         115      4.662018  1.866667e-06
  116         116      4.145472  1.866667e-06
  117         117      3.423967  1.866667e-06
  118         118      3.230960  1.866667e-06
  119         119      4.527797  2.000000e-06
  120         120      3.206186  2.000000e-06
  121         121      3.586584  2.000000e-06
  122         122      3.269583  2.000000e-06
  123         123      4.014309  2.000000e-06
  124         124      4.840565  2.000000e-06
  125         125      3.711611  2.000000e-06
  126         126      3.526115  2.000000e-06
  127         127      3.384824  2.133333e-06
  128         128      3.140673  2.133333e-06
  129         129      3.135359  2.133333e-06
  130         130      3.336586  2.133333e-06
  131         131      4.674685  2.133333e-06
  132         132      4.231112  2.133333e-06
  133         133      4.757311  2.133333e-06
  134         134      3.379414  2.133333e-06
  135         135      3.122645  2.266667e-06
  136         136      3.684170  2.266667e-06
  137         137      3.594824  2.266667e-06
  138         138      3.363130  2.266667e-06
  139         139      3.326584  2.266667e-06
  140         140      3.882395  2.266667e-06
  141         141      3.435649  2.266667e-06
  142         142      3.727960  2.266667e-06
  143         143      3.290603  2.400000e-06
  144         144      3.453032  2.400000e-06
  145         145      3.033381  2.400000e-06
  146         146      4.049291  2.400000e-06
  147         147      3.425738  2.400000e-06
  148         148      3.156232  2.400000e-06
  149         149      3.655623  2.400000e-06
  150         150      3.419820  2.400000e-06
  151         151      4.490005  2.533333e-06
  152         152      4.187765  2.533333e-06
  153         153      3.600519  2.533333e-06
  154         154      4.408456  2.533333e-06
  155         155      4.669158  2.533333e-06
  156         156      3.152982  2.533333e-06
  157         157      3.187255  2.533333e-06
  158         158      3.989769  2.533333e-06
  159         159      4.646333  2.666667e-06
  160         160      3.092669  2.666667e-06
  161         161      4.102483  2.666667e-06
  162         162      3.340065  2.666667e-06
  163         163      3.409280  2.666667e-06
  164         164      2.992927  2.666667e-06
  165         165      3.148193  2.666667e-06
  166         166      4.042844  2.666667e-06
  167         167      3.697596  2.800000e-06
  168         168      3.820632  2.800000e-06
  169         169      3.183539  2.800000e-06
  170         170      4.092508  2.800000e-06
  171         171      3.896588  2.800000e-06
  172         172      3.515335  2.800000e-06
  173         173      3.454257  2.800000e-06
  174         174      3.377112  2.800000e-06
  175         175      3.305366  2.933333e-06
  176         176      3.590984  2.933333e-06
  177         177      3.309986  2.933333e-06
  178         178      3.496389  2.933333e-06
  179         179      4.523421  2.933333e-06
  180         180      3.468130  2.933333e-06
  181         181      3.231862  2.933333e-06
  182         182      3.069461  2.933333e-06
  183         183      4.442058  3.066667e-06
  184         184      3.137614  3.066667e-06
  185         185      2.944938  3.066667e-06
  186         186      4.116010  3.066667e-06
  187         187      3.143743  3.066667e-06
  188         188      3.662677  3.066667e-06
  189         189      3.175324  3.066667e-06
  190         190      3.581467  3.066667e-06
  191         191      3.022702  3.200000e-06
  192         192      3.953382  3.200000e-06
  193         193      3.031290  3.200000e-06
  194         194      3.996581  3.200000e-06
  195         195      3.068860  3.200000e-06
  196         196      3.434712  3.200000e-06
  197         197      3.320723  3.200000e-06
  198         198      3.722104  3.200000e-06
  199         199      3.139132  3.333333e-06
  200         200      2.983032  3.333333e-06
  201         201      3.851046  3.333333e-06
  202         202      4.141652  3.333333e-06
  203         203      2.887992  3.333333e-06
  204         204      2.980292  3.333333e-06
  205         205      3.230985  3.333333e-06
  206         206      3.680297  3.333333e-06
  207         207      3.055706  3.466667e-06
  208         208      3.205173  3.466667e-06
  209         209      4.016964  3.466667e-06
  210         210      3.782606  3.466667e-06
  211         211      3.126958  3.466667e-06
  212         212      3.125411  3.466667e-06
  213         213      4.115959  3.466667e-06
  214         214      3.260966  3.466667e-06
  215         215      4.563507  3.600000e-06
  216         216      3.275896  3.600000e-06
  217         217      3.985364  3.600000e-06
  218         218      3.914393  3.600000e-06
  219         219      3.688053  3.600000e-06
  220         220      4.310356  3.600000e-06
  221         221      2.971172  3.600000e-06
  222         222      3.239564  3.600000e-06
  223         223      3.527987  3.733333e-06
  224         224      3.526281  3.733333e-06
  225         225      3.734294  3.733333e-06
  226         226      3.184018  3.733333e-06
  227         227      3.191579  3.733333e-06
  228         228      3.655517  3.733333e-06
  229         229      3.191349  3.733333e-06
  230         230      3.749272  3.733333e-06
  231         231      2.906234  3.866667e-06
  232         232      3.244424  3.866667e-06
  233         233      3.235763  3.866667e-06
  234         234      3.827132  3.866667e-06
  235         235      3.778245  3.866667e-06
  236         236      3.861699  3.866667e-06
  237         237      3.569900  3.866667e-06
  238         238      3.142674  3.866667e-06
  239         239      3.335843  4.000000e-06
  240         240      2.892315  4.000000e-06
  241         241      2.859510  4.000000e-06
  242         242      4.077561  4.000000e-06
  243         243      3.069017  4.000000e-06
  244         244      3.298416  4.000000e-06
  245         245      3.037712  4.000000e-06
  246         246      4.228746  4.000000e-06
  247         247      3.569819  4.133333e-06
  248         248      4.147847  4.133333e-06
  249         249      3.923407  4.133333e-06
  250         250      2.901506  4.133333e-06
  251         251      4.049273  4.133333e-06
  252         252      3.413159  4.133333e-06
  253         253      3.584874  4.133333e-06
  254         254      3.313157  4.133333e-06
  255         255      3.110408  4.266667e-06
  256         256      3.209247  4.266667e-06
  257         257      2.865269  4.266667e-06
  258         258      2.849930  4.266667e-06
  259         259      3.234499  4.266667e-06
  260         260      3.468790  4.266667e-06
  261         261      3.627038  4.266667e-06
  262         262      2.869437  4.266667e-06
  263         263      3.114997  4.400000e-06
  264         264      2.770027  4.400000e-06
  265         265      3.924133  4.400000e-06
  266         266      3.978944  4.400000e-06
  267         267      2.870892  4.400000e-06
  268         268      3.137364  4.400000e-06
  269         269      2.880707  4.400000e-06
  270         270      3.220393  4.400000e-06
  271         271      3.211942  4.533333e-06
  272         272      3.179882  4.533333e-06
  273         273      3.421983  4.533333e-06
  274         274      3.826146  4.533333e-06
  275         275      3.166486  4.533333e-06
  276         276      3.981041  4.533333e-06
  277         277      2.824856  4.533333e-06
  278         278      3.313904  4.533333e-06
  279         279      3.054065  4.666667e-06
  280         280      3.905919  4.666667e-06
  281         281      2.743450  4.666667e-06
  282         282      3.010812  4.666667e-06
  283         283      2.687203  4.666667e-06
  284         284      2.799872  4.666667e-06
  285         285      2.995519  4.666667e-06
  286         286      3.314088  4.666667e-06
  287         287      3.718292  4.800000e-06
  288         288      3.876240  4.800000e-06
  289         289      2.974543  4.800000e-06
  290         290      2.598364  4.800000e-06
  291         291      3.175472  4.800000e-06
  292         292      3.230091  4.800000e-06
  293         293      3.159899  4.800000e-06
  294         294      2.658929  4.800000e-06
  295         295      3.662036  4.933333e-06
  296         296      3.428449  4.933333e-06
  297         297      3.490786  4.933333e-06
  298         298      3.677801  4.933333e-06
  299         299      3.346908  4.933333e-06
  300         300      3.017337  4.933333e-06
  301         301      2.721437  4.933333e-06
  302         302      2.670913  4.933333e-06
  303         303      2.815044  5.066667e-06
  304         304      3.220410  5.066667e-06
  305         305      2.972594  5.066667e-06
  306         306      3.218833  5.066667e-06
  307         307      2.533399  5.066667e-06
  308         308      3.986673  5.066667e-06
  309         309      3.989291  5.066667e-06
  310         310      3.480125  5.066667e-06
  311         311      3.510062  5.200000e-06
  312         312      2.758223  5.200000e-06
  313         313      2.588074  5.200000e-06
  314         314      3.166157  5.200000e-06
  315         315      3.517186  5.200000e-06
  316         316      3.405623  5.200000e-06
  317         317      3.004963  5.200000e-06
  318         318      2.747428  5.200000e-06
  319         319      3.133373  5.333333e-06
  320         320      2.840330  5.333333e-06
  321         321      3.364847  5.333333e-06
  322         322      2.907045  5.333333e-06
  323         323      3.484261  5.333333e-06
  324         324      2.733018  5.333333e-06
  325         325      3.075370  5.333333e-06
  326         326      2.705144  5.333333e-06
  327         327      2.617969  5.466667e-06
  328         328      3.186674  5.466667e-06
  329         329      2.829161  5.466667e-06
  330         330      2.695472  5.466667e-06
  331         331      3.297763  5.466667e-06
  332         332      2.721416  5.466667e-06
  333         333      3.575021  5.466667e-06
  334         334      2.759069  5.466667e-06
  335         335      2.928800  5.600000e-06
  336         336      2.853605  5.600000e-06
  337         337      2.526819  5.600000e-06
  338         338      2.570738  5.600000e-06
  339         339      2.651279  5.600000e-06
  340         340      2.506098  5.600000e-06
  341         341      3.602032  5.600000e-06
  342         342      3.663851  5.600000e-06
  343         343      3.269879  5.733333e-06
  344         344      2.665313  5.733333e-06
  345         345      2.564128  5.733333e-06
  346         346      2.702797  5.733333e-06
  347         347      3.400660  5.733333e-06
  348         348      2.781643  5.733333e-06
  349         349      2.585475  5.733333e-06
  350         350      3.724991  5.733333e-06
  351         351      3.028071  5.866667e-06
  352         352      3.339043  5.866667e-06
  353         353      2.552391  5.866667e-06
  354         354      2.730989  5.866667e-06
  355         355      2.839228  5.866667e-06
  356         356      2.807011  5.866667e-06
  357         357      3.341722  5.866667e-06
  358         358      3.279813  5.866667e-06
  359         359      3.196603  6.000000e-06
  360         360      2.437102  6.000000e-06
  361         361      3.023742  6.000000e-06
  362         362      2.724804  6.000000e-06
  363         363      2.475716  6.000000e-06
  364         364      2.535900  6.000000e-06
  365         365      2.508317  6.000000e-06
  366         366      2.517061  6.000000e-06
  367         367      2.486355  6.133333e-06
  368         368      3.017085  6.133333e-06
  369         369      2.453187  6.133333e-06
  370         370      2.756147  6.133333e-06
  371         371      3.047192  6.133333e-06
  372         372      2.713003  6.133333e-06
  373         373      3.742457  6.133333e-06
  374         374      2.636485  6.133333e-06
  375         375      2.585811  6.266667e-06
  376         376      2.507347  6.266667e-06
  377         377      3.192522  6.266667e-06
  378         378      2.594891  6.266667e-06
  379         379      3.245291  6.266667e-06
  380         380      2.720928  6.266667e-06
  381         381      2.759970  6.266667e-06
  382         382      3.571954  6.266667e-06
  383         383      2.750062  6.400000e-06
  384         384      2.527580  6.400000e-06
  385         385      2.398550  6.400000e-06
  386         386      3.292930  6.400000e-06
  387         387      2.644394  6.400000e-06
  388         388      3.129310  6.400000e-06
  389         389      3.184972  6.400000e-06
  390         390      2.712561  6.400000e-06
  391         391      3.128511  6.533333e-06
  392         392      2.348645  6.533333e-06
  393         393      2.524152  6.533333e-06
  394         394      2.438901  6.533333e-06
  395         395      2.647098  6.533333e-06
  396         396      3.001886  6.533333e-06
  397         397      3.523066  6.533333e-06
  398         398      2.647720  6.533333e-06
  399         399      2.508672  6.666667e-06
  400         400      2.734728  6.666667e-06
  401         401      2.845309  6.666667e-06
  402         402      2.386413  6.666667e-06
  403         403      3.195375  6.666667e-06
  404         404      2.750065  6.666667e-06
  405         405      2.435008  6.666667e-06
  406         406      2.324288  6.666667e-06
  407         407      3.227614  6.800000e-06
  408         408      2.913201  6.800000e-06
  409         409      2.587927  6.800000e-06
  410         410      2.455382  6.800000e-06
  411         411      2.889876  6.800000e-06
  412         412      3.123970  6.800000e-06
  413         413      3.194736  6.800000e-06
  414         414      2.511306  6.800000e-06
  415         415      3.208703  6.933333e-06
  416         416      3.006244  6.933333e-06
  417         417      2.512540  6.933333e-06
  418         418      3.313738  6.933333e-06
  419         419      2.559420  6.933333e-06
  420         420      2.257556  6.933333e-06
  421         421      2.597299  6.933333e-06
  422         422      3.232449  6.933333e-06
  423         423      2.487980  7.066667e-06
  424         424      2.437677  7.066667e-06
  425         425      2.259080  7.066667e-06
  426         426      2.456934  7.066667e-06
  427         427      2.544310  7.066667e-06
  428         428      2.399405  7.066667e-06
  429         429      3.005585  7.066667e-06
  430         430      2.721979  7.066667e-06
  431         431      2.304035  7.200000e-06
  432         432      2.957199  7.200000e-06
  433         433      2.451598  7.200000e-06
  434         434      2.751691  7.200000e-06
  435         435      2.226917  7.200000e-06
  436         436      2.740931  7.200000e-06
  437         437      2.490227  7.200000e-06
  438         438      3.124516  7.200000e-06
  439         439      2.987605  7.333333e-06
  440         440      2.245837  7.333333e-06
  441         441      2.913059  7.333333e-06
  442         442      2.261132  7.333333e-06
  443         443      2.838753  7.333333e-06
  444         444      2.409756  7.333333e-06
  445         445      3.028144  7.333333e-06
  446         446      2.755386  7.333333e-06
  447         447      2.231576  7.466667e-06
  448         448      2.432670  7.466667e-06
  449         449      2.391429  7.466667e-06
  450         450      2.414005  7.466667e-06
  451         451      2.617478  7.466667e-06
  452         452      2.421619  7.466667e-06
  453         453      2.757690  7.466667e-06
  454         454      2.329421  7.466667e-06
  455         455      3.023323  7.600000e-06
  456         456      2.314015  7.600000e-06
  457         457      2.193900  7.600000e-06
  458         458      2.342618  7.600000e-06
  459         459      2.380008  7.600000e-06
  460         460      2.238240  7.600000e-06
  461         461      2.325368  7.600000e-06
  462         462      2.239381  7.600000e-06
  463         463      2.396894  7.733333e-06
  464         464      2.279766  7.733333e-06
  465         465      2.469164  7.733333e-06
  466         466      2.339081  7.733333e-06
  467         467      2.910898  7.733333e-06
  468         468      2.172609  7.733333e-06
  469         469      2.132494  7.733333e-06
  470         470      2.264448  7.733333e-06
  471         471      2.278511  7.866667e-06
  472         472      2.334714  7.866667e-06
  473         473      2.175581  7.866667e-06
  474         474      2.644925  7.866667e-06
  475         475      3.008884  7.866667e-06
  476         476      2.844720  7.866667e-06
  477         477      2.193877  7.866667e-06
  478         478      2.279435  7.866667e-06
  479         479      2.065742  8.000000e-06
  480         480      2.399704  8.000000e-06
  481         481      2.183425  8.000000e-06
  482         482      2.234618  8.000000e-06
  483         483      2.333338  8.000000e-06
  484         484      2.944502  8.000000e-06
  485         485      2.312982  8.000000e-06
  486         486      2.412657  8.000000e-06
  487         487      2.201445  8.133333e-06
  488         488      2.418970  8.133333e-06
  489         489      2.041614  8.133333e-06
  490         490      2.613967  8.133333e-06
  491         491      2.119074  8.133333e-06
  492         492      2.553411  8.133333e-06
  493         493      2.186783  8.133333e-06
  494         494      2.468535  8.133333e-06
  495         495      2.478360  8.266667e-06
  496         496      2.216667  8.266667e-06
  497         497      2.471386  8.266667e-06
  498         498      2.194576  8.266667e-06
  499         499      2.562461  8.266667e-06
  500         500      2.103761  8.266667e-06
  501         501      2.855622  8.266667e-06
  502         502      2.643856  8.266667e-06
  503         503      2.383175  8.400000e-06
  504         504      2.119477  8.400000e-06
  505         505      2.164454  8.400000e-06
  506         506      2.108415  8.400000e-06
  507         507      1.972543  8.400000e-06
  508         508      2.471985  8.400000e-06
  509         509      2.053644  8.400000e-06
  510         510      2.401262  8.400000e-06
  511         511      1.955781  8.533333e-06
  512         512      2.148176  8.533333e-06
  513         513      2.604863  8.533333e-06
  514         514      1.983466  8.533333e-06
  515         515      2.660545  8.533333e-06
  516         516      2.628016  8.533333e-06
  517         517      2.225708  8.533333e-06
  518         518      2.204753  8.533333e-06
  519         519      2.088706  8.666667e-06
  520         520      2.543129  8.666667e-06
  521         521      1.946181  8.666667e-06
  522         522      2.307088  8.666667e-06
  523         523      1.993898  8.666667e-06
  524         524      1.968635  8.666667e-06
  525         525      2.168014  8.666667e-06
  526         526      2.039452  8.666667e-06
  527         527      2.148064  8.800000e-06
  528         528      2.088095  8.800000e-06
  529         529      2.696490  8.800000e-06
  530         530      2.105472  8.800000e-06
  531         531      2.397672  8.800000e-06
  532         532      2.063005  8.800000e-06
  533         533      2.511688  8.800000e-06
  534         534      2.622199  8.800000e-06
  535         535      2.060449  8.933333e-06
  536         536      2.575522  8.933333e-06
  537         537      2.315916  8.933333e-06
  538         538      2.040591  8.933333e-06
  539         539      2.070008  8.933333e-06
  540         540      2.514389  8.933333e-06
  541         541      2.516056  8.933333e-06
  542         542      2.017047  8.933333e-06
  543         543      2.005032  9.066667e-06
  544         544      2.358032  9.066667e-06
  545         545      1.989325  9.066667e-06
  546         546      1.866512  9.066667e-06
  547         547      1.914210  9.066667e-06
  548         548      2.027729  9.066667e-06
  549         549      1.838862  9.066667e-06
  550         550      2.088124  9.066667e-06
  551         551      2.290920  9.200000e-06
  552         552      2.391517  9.200000e-06
  553         553      2.084733  9.200000e-06
  554         554      2.097008  9.200000e-06
  555         555      2.322371  9.200000e-06
  556         556      1.792434  9.200000e-06
  557         557      2.194329  9.200000e-06
  558         558      1.801377  9.200000e-06
  559         559      2.107611  9.333333e-06
  560         560      1.791648  9.333333e-06
  561         561      1.782089  9.333333e-06
  562         562      1.920109  9.333333e-06
  563         563      2.336590  9.333333e-06
  564         564      2.014323  9.333333e-06
  565         565      1.953135  9.333333e-06
  566         566      1.895499  9.333333e-06
  567         567      1.860934  9.466667e-06
  568         568      1.805742  9.466667e-06
  569         569      1.900237  9.466667e-06
  570         570      1.936749  9.466667e-06
  571         571      1.899177  9.466667e-06
  572         572      2.217059  9.466667e-06
  573         573      1.711925  9.466667e-06
  574         574      1.785239  9.466667e-06
  575         575      1.764232  9.600000e-06
  576         576      2.266552  9.600000e-06
  577         577      1.885440  9.600000e-06
  578         578      1.784585  9.600000e-06
  579         579      1.771194  9.600000e-06
  580         580      2.175468  9.600000e-06
  581         581      1.729186  9.600000e-06
  582         582      1.858117  9.600000e-06
  583         583      2.366019  9.733333e-06
  584         584      1.732741  9.733333e-06
  585         585      1.721478  9.733333e-06
  586         586      2.114205  9.733333e-06
  587         587      1.773308  9.733333e-06
  588         588      1.755774  9.733333e-06
  589         589      1.791178  9.733333e-06
  590         590      1.794978  9.733333e-06
  591         591      1.819761  9.866667e-06
  592         592      1.640972  9.866667e-06
  593         593      1.900097  9.866667e-06
  594         594      1.678894  9.866667e-06
  595         595      1.766858  9.866667e-06
  596         596      1.740115  9.866667e-06
  597         597      1.832798  9.866667e-06
  598         598      1.765391  9.866667e-06
  599         599      1.671342  1.000000e-05
  600         600      1.639637  1.000000e-05
  601         601      1.653706  1.000000e-05
  602         602      1.576329  1.000000e-05
  603         603      1.673681  1.000000e-05
  604         604      2.039974  1.000000e-05
  605         605      1.706757  1.000000e-05
  606         606      2.040020  1.000000e-05
  607         607      2.054106  1.013333e-05
  608         608      1.578920  1.013333e-05
  609         609      1.875224  1.013333e-05
  610         610      1.646740  1.013333e-05
  611         611      1.928850  1.013333e-05
  612         612      1.660976  1.013333e-05
  613         613      1.717861  1.013333e-05
  614         614      1.661736  1.013333e-05
  615         615      1.681578  1.026667e-05
  616         616      1.703495  1.026667e-05
  617         617      1.686646  1.026667e-05
  618         618      1.605921  1.026667e-05
  619         619      1.634534  1.026667e-05
  620         620      1.682750  1.026667e-05
  621         621      1.617968  1.026667e-05
  622         622      1.751815  1.026667e-05
  623         623      1.597583  1.040000e-05
  624         624      1.519064  1.040000e-05
  625         625      1.969470  1.040000e-05
  626         626      1.643522  1.040000e-05
  627         627      1.988523  1.040000e-05
  628         628      1.699617  1.040000e-05
  629         629      1.494792  1.040000e-05
  630         630      1.544424  1.040000e-05
  631         631      1.807552  1.053333e-05
  632         632      1.556630  1.053333e-05
  633         633      1.494557  1.053333e-05
  634         634      1.781490  1.053333e-05
  635         635      1.891924  1.053333e-05
  636         636      1.572747  1.053333e-05
  637         637      1.537341  1.053333e-05
  638         638      1.805166  1.053333e-05
  639         639      1.535726  1.066667e-05
  640         640      1.491653  1.066667e-05
  641         641      1.445958  1.066667e-05
  642         642      1.548754  1.066667e-05
  643         643      1.474146  1.066667e-05
  644         644      1.554527  1.066667e-05
  645         645      1.581144  1.066667e-05
  646         646      1.481322  1.066667e-05
  647         647      1.475529  1.080000e-05
  648         648      1.495897  1.080000e-05
  649         649      1.481411  1.080000e-05
  650         650      1.612928  1.080000e-05
  651         651      1.768847  1.080000e-05
  652         652      1.642545  1.080000e-05
  653         653      1.482595  1.080000e-05
  654         654      1.447700  1.080000e-05
  655         655      1.464477  1.093333e-05
  656         656      1.690836  1.093333e-05
  657         657      1.799774  1.093333e-05
  658         658      1.669888  1.093333e-05
  659         659      1.620239  1.093333e-05
  660         660      1.354896  1.093333e-05
  661         661      1.796130  1.093333e-05
  662         662      1.374086  1.093333e-05
  663         663      1.740547  1.106667e-05
  664         664      1.565793  1.106667e-05
  665         665      1.353948  1.106667e-05
  666         666      1.457269  1.106667e-05
  667         667      1.337108  1.106667e-05
  668         668      1.393314  1.106667e-05
  669         669      1.604583  1.106667e-05
  670         670      1.741071  1.106667e-05
  671         671      1.373107  1.120000e-05
  672         672      1.277940  1.120000e-05
  673         673      1.374440  1.120000e-05
  674         674      1.351467  1.120000e-05
  675         675      1.522027  1.120000e-05
  676         676      1.372060  1.120000e-05
  677         677      1.503476  1.120000e-05
  678         678      1.346179  1.120000e-05
  679         679      1.673693  1.133333e-05
  680         680      1.306213  1.133333e-05
  681         681      1.277639  1.133333e-05
  682         682      1.397660  1.133333e-05
  683         683      1.332035  1.133333e-05
  684         684      1.277610  1.133333e-05
  685         685      1.281975  1.133333e-05
  686         686      1.512938  1.133333e-05
  687         687      1.232216  1.146667e-05
  688         688      1.444886  1.146667e-05
  689         689      1.228226  1.146667e-05
  690         690      1.496055  1.146667e-05
  691         691      1.301813  1.146667e-05
  692         692      1.447084  1.146667e-05
  693         693      1.231540  1.146667e-05
  694         694      1.281115  1.146667e-05
  695         695      1.448594  1.160000e-05
  696         696      1.139065  1.160000e-05
  697         697      1.232784  1.160000e-05
  698         698      1.156618  1.160000e-05
  699         699      1.197343  1.160000e-05
  700         700      1.183025  1.160000e-05
  701         701      1.118714  1.160000e-05
  702         702      1.229104  1.160000e-05
  703         703      1.199326  1.173333e-05
  704         704      1.425056  1.173333e-05
  705         705      1.187862  1.173333e-05
  706         706      1.400551  1.173333e-05
  707         707      1.124519  1.173333e-05
  708         708      1.167419  1.173333e-05
  709         709      1.069665  1.173333e-05
  710         710      1.194288  1.173333e-05
  711         711      1.121175  1.186667e-05
  712         712      1.074606  1.186667e-05
  713         713      1.182104  1.186667e-05
  714         714      1.365409  1.186667e-05
  715         715      1.330040  1.186667e-05
  716         716      1.065958  1.186667e-05
  717         717      1.159657  1.186667e-05
  718         718      1.120686  1.186667e-05
  719         719      1.066640  1.200000e-05
  720         720      1.147332  1.200000e-05
  721         721      1.293539  1.200000e-05
  722         722      1.253579  1.200000e-05
  723         723      1.025445  1.200000e-05
  724         724      1.025429  1.200000e-05
  725         725      0.957219  1.200000e-05
  726         726      1.118663  1.200000e-05
  727         727      1.038219  1.213333e-05
  728         728      1.089113  1.213333e-05
  729         729      1.156576  1.213333e-05
  730         730      1.165297  1.213333e-05
  731         731      1.028257  1.213333e-05
  732         732      1.081074  1.213333e-05
  733         733      1.083373  1.213333e-05
  734         734      0.922479  1.213333e-05
  735         735      0.964814  1.226667e-05
  736         736      0.946219  1.226667e-05
  737         737      1.178604  1.226667e-05
  738         738      0.892334  1.226667e-05
  739         739      1.006434  1.226667e-05
  740         740      1.182088  1.226667e-05
  741         741      1.032668  1.226667e-05
  742         742      0.971143  1.226667e-05
  743         743      1.007600  1.240000e-05
  744         744      1.175507  1.240000e-05
  745         745      0.940904  1.240000e-05
  746         746      0.959621  1.240000e-05
  747         747      1.006991  1.240000e-05
  748         748      0.977108  1.240000e-05
  749         749      1.074907  1.240000e-05
  750         750      0.962151  1.240000e-05
  751         751      1.131347  1.253333e-05
  752         752      0.875654  1.253333e-05
  753         753      1.018209  1.253333e-05
  754         754      0.835520  1.253333e-05
  755         755      0.905735  1.253333e-05
  756         756      0.860254  1.253333e-05
  757         757      0.938769  1.253333e-05
  758         758      0.825656  1.253333e-05
  759         759      0.830938  1.266667e-05
  760         760      0.942233  1.266667e-05
  761         761      1.017519  1.266667e-05
  762         762      0.993646  1.266667e-05
  763         763      0.904516  1.266667e-05
  764         764      0.910113  1.266667e-05
  765         765      1.076182  1.266667e-05
  766         766      0.810082  1.266667e-05
  767         767      1.057854  1.280000e-05
  768         768      0.853645  1.280000e-05
  769         769      0.746258  1.280000e-05
  770         770      0.969776  1.280000e-05
  771         771      0.768645  1.280000e-05
  772         772      0.945710  1.280000e-05
  773         773      0.817674  1.280000e-05
  774         774      0.966008  1.280000e-05
  775         775      0.872833  1.293333e-05
  776         776      0.772689  1.293333e-05
  777         777      0.931991  1.293333e-05
  778         778      0.863915  1.293333e-05
  779         779      0.811224  1.293333e-05
  780         780      0.785003  1.293333e-05
  781         781      0.746918  1.293333e-05
  782         782      0.712631  1.293333e-05
  783         783      0.826334  1.306667e-05
  784         784      0.894528  1.306667e-05
  785         785      0.688714  1.306667e-05
  786         786      0.728721  1.306667e-05
  787         787      0.774146  1.306667e-05
  788         788      0.919276  1.306667e-05
  789         789      0.778077  1.306667e-05
  790         790      0.806675  1.306667e-05
  791         791      0.804622  1.320000e-05
  792         792      0.737812  1.320000e-05
  793         793      0.733539  1.320000e-05
  794         794      0.756191  1.320000e-05
  795         795      0.750267  1.320000e-05
  796         796      0.749687  1.320000e-05
  797         797      0.663312  1.320000e-05
  798         798      0.815853  1.320000e-05
  799         799      0.737261  1.333333e-05
  800         800      0.720720  1.333333e-05
  801         801      0.619441  1.333333e-05
  802         802      0.662318  1.333333e-05
  803         803      0.834583  1.333333e-05
  804         804      0.819124  1.333333e-05
  805         805      0.606948  1.333333e-05
  806         806      0.632993  1.333333e-05
  807         807      0.794744  1.346667e-05
  808         808      0.649581  1.346667e-05
  809         809      0.673075  1.346667e-05
  810         810      0.677234  1.346667e-05
  811         811      0.743705  1.346667e-05
  812         812      0.696753  1.346667e-05
  813         813      0.699589  1.346667e-05
  814         814      0.712883  1.346667e-05
  815         815      0.711659  1.360000e-05
  816         816      0.682411  1.360000e-05
  817         817      0.623083  1.360000e-05
  818         818      0.775459  1.360000e-05
  819         819      0.635853  1.360000e-05
  820         820      0.720113  1.360000e-05
  821         821      0.714477  1.360000e-05
  822         822      0.700277  1.360000e-05
  823         823      0.612988  1.373333e-05
  824         824      0.615687  1.373333e-05
  825         825      0.705105  1.373333e-05
  826         826      0.535976  1.373333e-05
  827         827      0.499844  1.373333e-05
  828         828      0.594406  1.373333e-05
  829         829      0.647700  1.373333e-05
  830         830      0.524591  1.373333e-05
  831         831      0.568074  1.386667e-05
  832         832      0.635374  1.386667e-05
  833         833      0.523058  1.386667e-05
  834         834      0.610969  1.386667e-05
  835         835      0.676856  1.386667e-05
  836         836      0.617452  1.386667e-05
  837         837      0.622864  1.386667e-05
  838         838      0.676788  1.386667e-05
  839         839      0.517391  1.400000e-05
  840         840      0.501161  1.400000e-05
  841         841      0.588563  1.400000e-05
  842         842      0.555251  1.400000e-05
  843         843      0.559098  1.400000e-05
  844         844      0.662496  1.400000e-05
  845         845      0.457938  1.400000e-05
  846         846      0.727369  1.400000e-05
  847         847      0.466439  1.413333e-05
  848         848      0.494172  1.413333e-05
  849         849      0.475827  1.413333e-05
  850         850      0.650937  1.413333e-05

Initial loss: 3.922399 | Final loss: 0.650937 | Improvement: 3.271461
--------------------------------------------------------------------------------
Eval Loss History: 17 entries
Index        Step      Val Loss
    0          50      3.798718
    1         100      3.773403
    2         150      3.689400
    3         200      3.503919
    4         250      3.313677
    5         300      3.128141
    6         350      2.937045
    7         400      2.702658
    8         450      2.507101
    9         500      2.306069
   10         550      2.096693
   11         600      1.827588
   12         650      1.561319
   13         700      1.275045
   14         750      1.005678
   15         800      0.712455
   16         850      0.545622
================================================================================
